(kicad_pcb (version 20171130) (host pcbnew 5.1.6-c6e7f7d~87~ubuntu18.04.1)

  (general
    (thickness 1.6)
    (drawings 0)
    (tracks 353)
    (zones 0)
    (modules 48)
    (nets 37)
  )

  (page A4)
  (layers
    (0 F.Cu signal)
    (31 B.Cu signal)
    (32 B.Adhes user)
    (33 F.Adhes user)
    (34 B.Paste user)
    (35 F.Paste user)
    (36 B.SilkS user)
    (37 F.SilkS user)
    (38 B.Mask user)
    (39 F.Mask user)
    (40 Dwgs.User user)
    (41 Cmts.User user)
    (42 Eco1.User user)
    (43 Eco2.User user)
    (44 Edge.Cuts user)
    (45 Margin user)
    (46 B.CrtYd user)
    (47 F.CrtYd user)
    (48 B.Fab user)
    (49 F.Fab user)
  )

  (setup
    (last_trace_width 0.25)
    (trace_clearance 0.2)
    (zone_clearance 0.508)
    (zone_45_only no)
    (trace_min 0.2)
    (via_size 0.8)
    (via_drill 0.4)
    (via_min_size 0.4)
    (via_min_drill 0.3)
    (uvia_size 0.3)
    (uvia_drill 0.1)
    (uvias_allowed no)
    (uvia_min_size 0.2)
    (uvia_min_drill 0.1)
    (edge_width 0.05)
    (segment_width 0.2)
    (pcb_text_width 0.3)
    (pcb_text_size 1.5 1.5)
    (mod_edge_width 0.12)
    (mod_text_size 1 1)
    (mod_text_width 0.15)
    (pad_size 1.524 1.524)
    (pad_drill 0.762)
    (pad_to_mask_clearance 0.05)
    (aux_axis_origin 0 0)
    (visible_elements FFFFFF7F)
    (pcbplotparams
      (layerselection 0x010fc_ffffffff)
      (usegerberextensions false)
      (usegerberattributes true)
      (usegerberadvancedattributes true)
      (creategerberjobfile true)
      (excludeedgelayer true)
      (linewidth 0.100000)
      (plotframeref false)
      (viasonmask false)
      (mode 1)
      (useauxorigin false)
      (hpglpennumber 1)
      (hpglpenspeed 20)
      (hpglpendiameter 15.000000)
      (psnegative false)
      (psa4output false)
      (plotreference true)
      (plotvalue true)
      (plotinvisibletext false)
      (padsonsilk false)
      (subtractmaskfromsilk false)
      (outputformat 1)
      (mirror false)
      (drillshape 1)
      (scaleselection 1)
      (outputdirectory ""))
  )

  (net 0 "")
  (net 1 GND)
  (net 2 "Net-(C1-Pad2)")
  (net 3 "Net-(D1-Pad2)")
  (net 4 "Net-(D2-Pad2)")
  (net 5 "Net-(D3-Pad2)")
  (net 6 "Net-(D4-Pad2)")
  (net 7 "Net-(D5-Pad2)")
  (net 8 "Net-(D6-Pad2)")
  (net 9 "Net-(D7-Pad2)")
  (net 10 "Net-(D8-Pad2)")
  (net 11 VCC)
  (net 12 "Net-(Q1-Pad1)")
  (net 13 "Net-(Q1-Pad2)")
  (net 14 "Net-(Q2-Pad2)")
  (net 15 "Net-(Q2-Pad1)")
  (net 16 "Net-(Q3-Pad1)")
  (net 17 "Net-(Q3-Pad2)")
  (net 18 "Net-(Q4-Pad2)")
  (net 19 "Net-(Q4-Pad1)")
  (net 20 "Net-(Q5-Pad1)")
  (net 21 /PULL_HIGH)
  (net 22 /XOR_INPUT_A)
  (net 23 /LED_E)
  (net 24 /LED_A)
  (net 25 /LED_B)
  (net 26 /LED_C)
  (net 27 /LED_D)
  (net 28 /LED_F)
  (net 29 /LED_G)
  (net 30 /LED_H)
  (net 31 "Net-(R24-Pad2)")
  (net 32 "Net-(R26-Pad1)")
  (net 33 "Net-(R27-Pad1)")
  (net 34 /555_OUTPUT)
  (net 35 "Net-(U2-Pad5)")
  (net 36 "Net-(J1-Pad1)")

  (net_class Default "This is the default net class."
    (clearance 0.2)
    (trace_width 0.25)
    (via_dia 0.8)
    (via_drill 0.4)
    (uvia_dia 0.3)
    (uvia_drill 0.1)
    (add_net /555_OUTPUT)
    (add_net /LED_A)
    (add_net /LED_B)
    (add_net /LED_C)
    (add_net /LED_D)
    (add_net /LED_E)
    (add_net /LED_F)
    (add_net /LED_G)
    (add_net /LED_H)
    (add_net /PULL_HIGH)
    (add_net /XOR_INPUT_A)
    (add_net GND)
    (add_net "Net-(C1-Pad2)")
    (add_net "Net-(D1-Pad2)")
    (add_net "Net-(D2-Pad2)")
    (add_net "Net-(D3-Pad2)")
    (add_net "Net-(D4-Pad2)")
    (add_net "Net-(D5-Pad2)")
    (add_net "Net-(D6-Pad2)")
    (add_net "Net-(D7-Pad2)")
    (add_net "Net-(D8-Pad2)")
    (add_net "Net-(J1-Pad1)")
    (add_net "Net-(Q1-Pad1)")
    (add_net "Net-(Q1-Pad2)")
    (add_net "Net-(Q2-Pad1)")
    (add_net "Net-(Q2-Pad2)")
    (add_net "Net-(Q3-Pad1)")
    (add_net "Net-(Q3-Pad2)")
    (add_net "Net-(Q4-Pad1)")
    (add_net "Net-(Q4-Pad2)")
    (add_net "Net-(Q5-Pad1)")
    (add_net "Net-(R24-Pad2)")
    (add_net "Net-(R26-Pad1)")
    (add_net "Net-(R27-Pad1)")
    (add_net "Net-(U2-Pad5)")
    (add_net VCC)
  )

  (module myfootprint:my_battery_holder (layer B.Cu) (tedit 5F404303) (tstamp 5F41C50F)
    (at 66.975 69.425 90)
    (path /5F5B0ECF)
    (fp_text reference J1 (at 1.91 5.08 90) (layer B.SilkS)
      (effects (font (size 1 1) (thickness 0.15)) (justify mirror))
    )
    (fp_text value Conn_01x02 (at 1.91 -6.35 90) (layer B.Fab)
      (effects (font (size 1 1) (thickness 0.15)) (justify mirror))
    )
    (fp_text user %R (at 2.2 -3.7 90) (layer B.Fab)
      (effects (font (size 1 1) (thickness 0.15)) (justify mirror))
    )
    (fp_line (start 0 8) (end -55 8) (layer B.SilkS) (width 0.12))
    (fp_line (start -55 8) (end -55 -8) (layer B.SilkS) (width 0.12))
    (fp_line (start -55 -8) (end 0 -8) (layer B.SilkS) (width 0.12))
    (fp_line (start 0 8) (end 3 8) (layer B.SilkS) (width 0.12))
    (fp_line (start 3 8) (end 3 -8) (layer B.SilkS) (width 0.12))
    (fp_line (start 3 -8) (end 0 -8) (layer B.SilkS) (width 0.12))
    (pad 2 thru_hole circle (at 0 -6.56 90) (size 2 2) (drill 1.45) (layers *.Cu *.Mask)
      (net 1 GND))
    (pad 1 thru_hole circle (at 0 6.56 90) (size 2 2) (drill 1.45) (layers *.Cu *.Mask)
      (net 36 "Net-(J1-Pad1)"))
  )

  (module LED_THT:LED_D3.0mm (layer F.Cu) (tedit 587A3A7B) (tstamp 5F41C465)
    (at 182.26 50.875)
    (descr "LED, diameter 3.0mm, 2 pins")
    (tags "LED diameter 3.0mm 2 pins")
    (path /5F523ED9)
    (fp_text reference D1 (at 1.27 -2.96) (layer F.SilkS)
      (effects (font (size 1 1) (thickness 0.15)))
    )
    (fp_text value LED (at 1.27 2.96) (layer F.Fab)
      (effects (font (size 1 1) (thickness 0.15)))
    )
    (fp_circle (center 1.27 0) (end 2.77 0) (layer F.Fab) (width 0.1))
    (fp_line (start -0.23 -1.16619) (end -0.23 1.16619) (layer F.Fab) (width 0.1))
    (fp_line (start -0.29 -1.236) (end -0.29 -1.08) (layer F.SilkS) (width 0.12))
    (fp_line (start -0.29 1.08) (end -0.29 1.236) (layer F.SilkS) (width 0.12))
    (fp_line (start -1.15 -2.25) (end -1.15 2.25) (layer F.CrtYd) (width 0.05))
    (fp_line (start -1.15 2.25) (end 3.7 2.25) (layer F.CrtYd) (width 0.05))
    (fp_line (start 3.7 2.25) (end 3.7 -2.25) (layer F.CrtYd) (width 0.05))
    (fp_line (start 3.7 -2.25) (end -1.15 -2.25) (layer F.CrtYd) (width 0.05))
    (fp_arc (start 1.27 0) (end -0.23 -1.16619) (angle 284.3) (layer F.Fab) (width 0.1))
    (fp_arc (start 1.27 0) (end -0.29 -1.235516) (angle 108.8) (layer F.SilkS) (width 0.12))
    (fp_arc (start 1.27 0) (end -0.29 1.235516) (angle -108.8) (layer F.SilkS) (width 0.12))
    (fp_arc (start 1.27 0) (end 0.229039 -1.08) (angle 87.9) (layer F.SilkS) (width 0.12))
    (fp_arc (start 1.27 0) (end 0.229039 1.08) (angle -87.9) (layer F.SilkS) (width 0.12))
    (pad 1 thru_hole rect (at 0 0) (size 1.8 1.8) (drill 0.9) (layers *.Cu *.Mask)
      (net 1 GND))
    (pad 2 thru_hole circle (at 2.54 0) (size 1.8 1.8) (drill 0.9) (layers *.Cu *.Mask)
      (net 3 "Net-(D1-Pad2)"))
    (model ${KISYS3DMOD}/LED_THT.3dshapes/LED_D3.0mm.wrl
      (at (xyz 0 0 0))
      (scale (xyz 1 1 1))
      (rotate (xyz 0 0 0))
    )
  )

  (module LED_THT:LED_D3.0mm (layer F.Cu) (tedit 587A3A7B) (tstamp 5F41C478)
    (at 178.525 72.35)
    (descr "LED, diameter 3.0mm, 2 pins")
    (tags "LED diameter 3.0mm 2 pins")
    (path /5F57CFB5)
    (fp_text reference D2 (at 1.27 -2.96) (layer F.SilkS)
      (effects (font (size 1 1) (thickness 0.15)))
    )
    (fp_text value LED (at 1.27 2.96) (layer F.Fab)
      (effects (font (size 1 1) (thickness 0.15)))
    )
    (fp_line (start 3.7 -2.25) (end -1.15 -2.25) (layer F.CrtYd) (width 0.05))
    (fp_line (start 3.7 2.25) (end 3.7 -2.25) (layer F.CrtYd) (width 0.05))
    (fp_line (start -1.15 2.25) (end 3.7 2.25) (layer F.CrtYd) (width 0.05))
    (fp_line (start -1.15 -2.25) (end -1.15 2.25) (layer F.CrtYd) (width 0.05))
    (fp_line (start -0.29 1.08) (end -0.29 1.236) (layer F.SilkS) (width 0.12))
    (fp_line (start -0.29 -1.236) (end -0.29 -1.08) (layer F.SilkS) (width 0.12))
    (fp_line (start -0.23 -1.16619) (end -0.23 1.16619) (layer F.Fab) (width 0.1))
    (fp_circle (center 1.27 0) (end 2.77 0) (layer F.Fab) (width 0.1))
    (fp_arc (start 1.27 0) (end 0.229039 1.08) (angle -87.9) (layer F.SilkS) (width 0.12))
    (fp_arc (start 1.27 0) (end 0.229039 -1.08) (angle 87.9) (layer F.SilkS) (width 0.12))
    (fp_arc (start 1.27 0) (end -0.29 1.235516) (angle -108.8) (layer F.SilkS) (width 0.12))
    (fp_arc (start 1.27 0) (end -0.29 -1.235516) (angle 108.8) (layer F.SilkS) (width 0.12))
    (fp_arc (start 1.27 0) (end -0.23 -1.16619) (angle 284.3) (layer F.Fab) (width 0.1))
    (pad 2 thru_hole circle (at 2.54 0) (size 1.8 1.8) (drill 0.9) (layers *.Cu *.Mask)
      (net 4 "Net-(D2-Pad2)"))
    (pad 1 thru_hole rect (at 0 0) (size 1.8 1.8) (drill 0.9) (layers *.Cu *.Mask)
      (net 1 GND))
    (model ${KISYS3DMOD}/LED_THT.3dshapes/LED_D3.0mm.wrl
      (at (xyz 0 0 0))
      (scale (xyz 1 1 1))
      (rotate (xyz 0 0 0))
    )
  )

  (module LED_THT:LED_D3.0mm (layer F.Cu) (tedit 587A3A7B) (tstamp 5F41C48B)
    (at 181.1 93.825)
    (descr "LED, diameter 3.0mm, 2 pins")
    (tags "LED diameter 3.0mm 2 pins")
    (path /5F581F9F)
    (fp_text reference D3 (at 1.27 -2.96) (layer F.SilkS)
      (effects (font (size 1 1) (thickness 0.15)))
    )
    (fp_text value LED (at 1.27 2.96) (layer F.Fab)
      (effects (font (size 1 1) (thickness 0.15)))
    )
    (fp_line (start 3.7 -2.25) (end -1.15 -2.25) (layer F.CrtYd) (width 0.05))
    (fp_line (start 3.7 2.25) (end 3.7 -2.25) (layer F.CrtYd) (width 0.05))
    (fp_line (start -1.15 2.25) (end 3.7 2.25) (layer F.CrtYd) (width 0.05))
    (fp_line (start -1.15 -2.25) (end -1.15 2.25) (layer F.CrtYd) (width 0.05))
    (fp_line (start -0.29 1.08) (end -0.29 1.236) (layer F.SilkS) (width 0.12))
    (fp_line (start -0.29 -1.236) (end -0.29 -1.08) (layer F.SilkS) (width 0.12))
    (fp_line (start -0.23 -1.16619) (end -0.23 1.16619) (layer F.Fab) (width 0.1))
    (fp_circle (center 1.27 0) (end 2.77 0) (layer F.Fab) (width 0.1))
    (fp_arc (start 1.27 0) (end 0.229039 1.08) (angle -87.9) (layer F.SilkS) (width 0.12))
    (fp_arc (start 1.27 0) (end 0.229039 -1.08) (angle 87.9) (layer F.SilkS) (width 0.12))
    (fp_arc (start 1.27 0) (end -0.29 1.235516) (angle -108.8) (layer F.SilkS) (width 0.12))
    (fp_arc (start 1.27 0) (end -0.29 -1.235516) (angle 108.8) (layer F.SilkS) (width 0.12))
    (fp_arc (start 1.27 0) (end -0.23 -1.16619) (angle 284.3) (layer F.Fab) (width 0.1))
    (pad 2 thru_hole circle (at 2.54 0) (size 1.8 1.8) (drill 0.9) (layers *.Cu *.Mask)
      (net 5 "Net-(D3-Pad2)"))
    (pad 1 thru_hole rect (at 0 0) (size 1.8 1.8) (drill 0.9) (layers *.Cu *.Mask)
      (net 1 GND))
    (model ${KISYS3DMOD}/LED_THT.3dshapes/LED_D3.0mm.wrl
      (at (xyz 0 0 0))
      (scale (xyz 1 1 1))
      (rotate (xyz 0 0 0))
    )
  )

  (module LED_THT:LED_D3.0mm (layer F.Cu) (tedit 587A3A7B) (tstamp 5F41C49E)
    (at 180.91 111.3)
    (descr "LED, diameter 3.0mm, 2 pins")
    (tags "LED diameter 3.0mm 2 pins")
    (path /5F58D72A)
    (fp_text reference D4 (at 1.27 -2.96) (layer F.SilkS)
      (effects (font (size 1 1) (thickness 0.15)))
    )
    (fp_text value LED (at 1.27 2.96) (layer F.Fab)
      (effects (font (size 1 1) (thickness 0.15)))
    )
    (fp_circle (center 1.27 0) (end 2.77 0) (layer F.Fab) (width 0.1))
    (fp_line (start -0.23 -1.16619) (end -0.23 1.16619) (layer F.Fab) (width 0.1))
    (fp_line (start -0.29 -1.236) (end -0.29 -1.08) (layer F.SilkS) (width 0.12))
    (fp_line (start -0.29 1.08) (end -0.29 1.236) (layer F.SilkS) (width 0.12))
    (fp_line (start -1.15 -2.25) (end -1.15 2.25) (layer F.CrtYd) (width 0.05))
    (fp_line (start -1.15 2.25) (end 3.7 2.25) (layer F.CrtYd) (width 0.05))
    (fp_line (start 3.7 2.25) (end 3.7 -2.25) (layer F.CrtYd) (width 0.05))
    (fp_line (start 3.7 -2.25) (end -1.15 -2.25) (layer F.CrtYd) (width 0.05))
    (fp_arc (start 1.27 0) (end -0.23 -1.16619) (angle 284.3) (layer F.Fab) (width 0.1))
    (fp_arc (start 1.27 0) (end -0.29 -1.235516) (angle 108.8) (layer F.SilkS) (width 0.12))
    (fp_arc (start 1.27 0) (end -0.29 1.235516) (angle -108.8) (layer F.SilkS) (width 0.12))
    (fp_arc (start 1.27 0) (end 0.229039 -1.08) (angle 87.9) (layer F.SilkS) (width 0.12))
    (fp_arc (start 1.27 0) (end 0.229039 1.08) (angle -87.9) (layer F.SilkS) (width 0.12))
    (pad 1 thru_hole rect (at 0 0) (size 1.8 1.8) (drill 0.9) (layers *.Cu *.Mask)
      (net 1 GND))
    (pad 2 thru_hole circle (at 2.54 0) (size 1.8 1.8) (drill 0.9) (layers *.Cu *.Mask)
      (net 6 "Net-(D4-Pad2)"))
    (model ${KISYS3DMOD}/LED_THT.3dshapes/LED_D3.0mm.wrl
      (at (xyz 0 0 0))
      (scale (xyz 1 1 1))
      (rotate (xyz 0 0 0))
    )
  )

  (module LED_THT:LED_D3.0mm (layer F.Cu) (tedit 587A3A7B) (tstamp 5F41C4B1)
    (at 182.4 122.475)
    (descr "LED, diameter 3.0mm, 2 pins")
    (tags "LED diameter 3.0mm 2 pins")
    (path /5F592F2D)
    (fp_text reference D5 (at 1.27 -2.96) (layer F.SilkS)
      (effects (font (size 1 1) (thickness 0.15)))
    )
    (fp_text value LED (at 1.27 2.96) (layer F.Fab)
      (effects (font (size 1 1) (thickness 0.15)))
    )
    (fp_line (start 3.7 -2.25) (end -1.15 -2.25) (layer F.CrtYd) (width 0.05))
    (fp_line (start 3.7 2.25) (end 3.7 -2.25) (layer F.CrtYd) (width 0.05))
    (fp_line (start -1.15 2.25) (end 3.7 2.25) (layer F.CrtYd) (width 0.05))
    (fp_line (start -1.15 -2.25) (end -1.15 2.25) (layer F.CrtYd) (width 0.05))
    (fp_line (start -0.29 1.08) (end -0.29 1.236) (layer F.SilkS) (width 0.12))
    (fp_line (start -0.29 -1.236) (end -0.29 -1.08) (layer F.SilkS) (width 0.12))
    (fp_line (start -0.23 -1.16619) (end -0.23 1.16619) (layer F.Fab) (width 0.1))
    (fp_circle (center 1.27 0) (end 2.77 0) (layer F.Fab) (width 0.1))
    (fp_arc (start 1.27 0) (end 0.229039 1.08) (angle -87.9) (layer F.SilkS) (width 0.12))
    (fp_arc (start 1.27 0) (end 0.229039 -1.08) (angle 87.9) (layer F.SilkS) (width 0.12))
    (fp_arc (start 1.27 0) (end -0.29 1.235516) (angle -108.8) (layer F.SilkS) (width 0.12))
    (fp_arc (start 1.27 0) (end -0.29 -1.235516) (angle 108.8) (layer F.SilkS) (width 0.12))
    (fp_arc (start 1.27 0) (end -0.23 -1.16619) (angle 284.3) (layer F.Fab) (width 0.1))
    (pad 2 thru_hole circle (at 2.54 0) (size 1.8 1.8) (drill 0.9) (layers *.Cu *.Mask)
      (net 7 "Net-(D5-Pad2)"))
    (pad 1 thru_hole rect (at 0 0) (size 1.8 1.8) (drill 0.9) (layers *.Cu *.Mask)
      (net 1 GND))
    (model ${KISYS3DMOD}/LED_THT.3dshapes/LED_D3.0mm.wrl
      (at (xyz 0 0 0))
      (scale (xyz 1 1 1))
      (rotate (xyz 0 0 0))
    )
  )

  (module LED_THT:LED_D3.0mm (layer F.Cu) (tedit 587A3A7B) (tstamp 5F41C4C4)
    (at 183.225 130.8)
    (descr "LED, diameter 3.0mm, 2 pins")
    (tags "LED diameter 3.0mm 2 pins")
    (path /5F598F0E)
    (fp_text reference D6 (at 1.27 -2.96) (layer F.SilkS)
      (effects (font (size 1 1) (thickness 0.15)))
    )
    (fp_text value LED (at 1.27 2.96) (layer F.Fab)
      (effects (font (size 1 1) (thickness 0.15)))
    )
    (fp_line (start 3.7 -2.25) (end -1.15 -2.25) (layer F.CrtYd) (width 0.05))
    (fp_line (start 3.7 2.25) (end 3.7 -2.25) (layer F.CrtYd) (width 0.05))
    (fp_line (start -1.15 2.25) (end 3.7 2.25) (layer F.CrtYd) (width 0.05))
    (fp_line (start -1.15 -2.25) (end -1.15 2.25) (layer F.CrtYd) (width 0.05))
    (fp_line (start -0.29 1.08) (end -0.29 1.236) (layer F.SilkS) (width 0.12))
    (fp_line (start -0.29 -1.236) (end -0.29 -1.08) (layer F.SilkS) (width 0.12))
    (fp_line (start -0.23 -1.16619) (end -0.23 1.16619) (layer F.Fab) (width 0.1))
    (fp_circle (center 1.27 0) (end 2.77 0) (layer F.Fab) (width 0.1))
    (fp_arc (start 1.27 0) (end 0.229039 1.08) (angle -87.9) (layer F.SilkS) (width 0.12))
    (fp_arc (start 1.27 0) (end 0.229039 -1.08) (angle 87.9) (layer F.SilkS) (width 0.12))
    (fp_arc (start 1.27 0) (end -0.29 1.235516) (angle -108.8) (layer F.SilkS) (width 0.12))
    (fp_arc (start 1.27 0) (end -0.29 -1.235516) (angle 108.8) (layer F.SilkS) (width 0.12))
    (fp_arc (start 1.27 0) (end -0.23 -1.16619) (angle 284.3) (layer F.Fab) (width 0.1))
    (pad 2 thru_hole circle (at 2.54 0) (size 1.8 1.8) (drill 0.9) (layers *.Cu *.Mask)
      (net 8 "Net-(D6-Pad2)"))
    (pad 1 thru_hole rect (at 0 0) (size 1.8 1.8) (drill 0.9) (layers *.Cu *.Mask)
      (net 1 GND))
    (model ${KISYS3DMOD}/LED_THT.3dshapes/LED_D3.0mm.wrl
      (at (xyz 0 0 0))
      (scale (xyz 1 1 1))
      (rotate (xyz 0 0 0))
    )
  )

  (module LED_THT:LED_D3.0mm (layer F.Cu) (tedit 587A3A7B) (tstamp 5F41C4D7)
    (at 185.75 143.85)
    (descr "LED, diameter 3.0mm, 2 pins")
    (tags "LED diameter 3.0mm 2 pins")
    (path /5F59F6ED)
    (fp_text reference D7 (at 1.27 -2.96) (layer F.SilkS)
      (effects (font (size 1 1) (thickness 0.15)))
    )
    (fp_text value LED (at 1.27 2.96) (layer F.Fab)
      (effects (font (size 1 1) (thickness 0.15)))
    )
    (fp_circle (center 1.27 0) (end 2.77 0) (layer F.Fab) (width 0.1))
    (fp_line (start -0.23 -1.16619) (end -0.23 1.16619) (layer F.Fab) (width 0.1))
    (fp_line (start -0.29 -1.236) (end -0.29 -1.08) (layer F.SilkS) (width 0.12))
    (fp_line (start -0.29 1.08) (end -0.29 1.236) (layer F.SilkS) (width 0.12))
    (fp_line (start -1.15 -2.25) (end -1.15 2.25) (layer F.CrtYd) (width 0.05))
    (fp_line (start -1.15 2.25) (end 3.7 2.25) (layer F.CrtYd) (width 0.05))
    (fp_line (start 3.7 2.25) (end 3.7 -2.25) (layer F.CrtYd) (width 0.05))
    (fp_line (start 3.7 -2.25) (end -1.15 -2.25) (layer F.CrtYd) (width 0.05))
    (fp_arc (start 1.27 0) (end -0.23 -1.16619) (angle 284.3) (layer F.Fab) (width 0.1))
    (fp_arc (start 1.27 0) (end -0.29 -1.235516) (angle 108.8) (layer F.SilkS) (width 0.12))
    (fp_arc (start 1.27 0) (end -0.29 1.235516) (angle -108.8) (layer F.SilkS) (width 0.12))
    (fp_arc (start 1.27 0) (end 0.229039 -1.08) (angle 87.9) (layer F.SilkS) (width 0.12))
    (fp_arc (start 1.27 0) (end 0.229039 1.08) (angle -87.9) (layer F.SilkS) (width 0.12))
    (pad 1 thru_hole rect (at 0 0) (size 1.8 1.8) (drill 0.9) (layers *.Cu *.Mask)
      (net 1 GND))
    (pad 2 thru_hole circle (at 2.54 0) (size 1.8 1.8) (drill 0.9) (layers *.Cu *.Mask)
      (net 9 "Net-(D7-Pad2)"))
    (model ${KISYS3DMOD}/LED_THT.3dshapes/LED_D3.0mm.wrl
      (at (xyz 0 0 0))
      (scale (xyz 1 1 1))
      (rotate (xyz 0 0 0))
    )
  )

  (module LED_THT:LED_D3.0mm (layer F.Cu) (tedit 587A3A7B) (tstamp 5F41C4EA)
    (at 186.45 155.275)
    (descr "LED, diameter 3.0mm, 2 pins")
    (tags "LED diameter 3.0mm 2 pins")
    (path /5F5A7F26)
    (fp_text reference D8 (at 1.27 -2.96) (layer F.SilkS)
      (effects (font (size 1 1) (thickness 0.15)))
    )
    (fp_text value LED (at 1.27 2.96) (layer F.Fab)
      (effects (font (size 1 1) (thickness 0.15)))
    )
    (fp_circle (center 1.27 0) (end 2.77 0) (layer F.Fab) (width 0.1))
    (fp_line (start -0.23 -1.16619) (end -0.23 1.16619) (layer F.Fab) (width 0.1))
    (fp_line (start -0.29 -1.236) (end -0.29 -1.08) (layer F.SilkS) (width 0.12))
    (fp_line (start -0.29 1.08) (end -0.29 1.236) (layer F.SilkS) (width 0.12))
    (fp_line (start -1.15 -2.25) (end -1.15 2.25) (layer F.CrtYd) (width 0.05))
    (fp_line (start -1.15 2.25) (end 3.7 2.25) (layer F.CrtYd) (width 0.05))
    (fp_line (start 3.7 2.25) (end 3.7 -2.25) (layer F.CrtYd) (width 0.05))
    (fp_line (start 3.7 -2.25) (end -1.15 -2.25) (layer F.CrtYd) (width 0.05))
    (fp_arc (start 1.27 0) (end -0.23 -1.16619) (angle 284.3) (layer F.Fab) (width 0.1))
    (fp_arc (start 1.27 0) (end -0.29 -1.235516) (angle 108.8) (layer F.SilkS) (width 0.12))
    (fp_arc (start 1.27 0) (end -0.29 1.235516) (angle -108.8) (layer F.SilkS) (width 0.12))
    (fp_arc (start 1.27 0) (end 0.229039 -1.08) (angle 87.9) (layer F.SilkS) (width 0.12))
    (fp_arc (start 1.27 0) (end 0.229039 1.08) (angle -87.9) (layer F.SilkS) (width 0.12))
    (pad 1 thru_hole rect (at 0 0) (size 1.8 1.8) (drill 0.9) (layers *.Cu *.Mask)
      (net 1 GND))
    (pad 2 thru_hole circle (at 2.54 0) (size 1.8 1.8) (drill 0.9) (layers *.Cu *.Mask)
      (net 10 "Net-(D8-Pad2)"))
    (model ${KISYS3DMOD}/LED_THT.3dshapes/LED_D3.0mm.wrl
      (at (xyz 0 0 0))
      (scale (xyz 1 1 1))
      (rotate (xyz 0 0 0))
    )
  )

  (module Button_Switch_SMD:SW_SPST_B3U-3100P-B (layer F.Cu) (tedit 5A02FC95) (tstamp 5F41C539)
    (at 122.1 40.425)
    (descr "Ultra-small-sized Tactile Switch with High Contact Reliability, Side-actuated Model, with Ground Terminal, with Boss")
    (tags "Tactile Switch")
    (path /5F3EE561)
    (attr smd)
    (fp_text reference Q1 (at 0 -3.9) (layer F.SilkS)
      (effects (font (size 1 1) (thickness 0.15)))
    )
    (fp_text value Q_NPN_BCE (at 0 2.67) (layer F.Fab)
      (effects (font (size 1 1) (thickness 0.15)))
    )
    (fp_line (start -1.25 -2.47) (end -1.25 -3.17) (layer F.CrtYd) (width 0.05))
    (fp_line (start -1.25 -3.17) (end 1.25 -3.17) (layer F.CrtYd) (width 0.05))
    (fp_line (start 1.25 -3.17) (end 1.25 -2.47) (layer F.CrtYd) (width 0.05))
    (fp_line (start 1.25 -2.47) (end 2.4 -2.47) (layer F.CrtYd) (width 0.05))
    (fp_line (start -0.5 -2.92) (end -1 -2.54) (layer F.SilkS) (width 0.12))
    (fp_line (start -1 -2.54) (end -1 -2.22) (layer F.SilkS) (width 0.12))
    (fp_line (start -0.5 -2.92) (end 0.5 -2.92) (layer F.SilkS) (width 0.12))
    (fp_line (start 0.5 -2.92) (end 1 -2.54) (layer F.SilkS) (width 0.12))
    (fp_line (start 1 -2.54) (end 1 -2.22) (layer F.SilkS) (width 0.12))
    (fp_line (start -0.85 -2.08) (end -0.85 -2.47) (layer F.Fab) (width 0.1))
    (fp_line (start -0.85 -2.47) (end -0.45 -2.77) (layer F.Fab) (width 0.1))
    (fp_line (start -0.45 -2.77) (end 0.45 -2.77) (layer F.Fab) (width 0.1))
    (fp_line (start 0.45 -2.77) (end 0.85 -2.47) (layer F.Fab) (width 0.1))
    (fp_line (start 0.85 -2.47) (end 0.85 -2.08) (layer F.Fab) (width 0.1))
    (fp_line (start -0.65 0.82) (end -0.65 1.63) (layer F.CrtYd) (width 0.05))
    (fp_line (start -0.65 1.63) (end 0.65 1.63) (layer F.CrtYd) (width 0.05))
    (fp_line (start 0.65 1.63) (end 0.65 0.82) (layer F.CrtYd) (width 0.05))
    (fp_line (start 0.65 0.82) (end 2.4 0.82) (layer F.CrtYd) (width 0.05))
    (fp_line (start -1.65 0.57) (end -0.65 0.57) (layer F.SilkS) (width 0.12))
    (fp_line (start -2.4 0.82) (end -0.65 0.82) (layer F.CrtYd) (width 0.05))
    (fp_line (start 2.4 0.82) (end 2.4 -2.47) (layer F.CrtYd) (width 0.05))
    (fp_line (start -1.25 -2.47) (end -2.4 -2.47) (layer F.CrtYd) (width 0.05))
    (fp_line (start -2.4 -2.47) (end -2.4 0.82) (layer F.CrtYd) (width 0.05))
    (fp_line (start -1.65 0.28) (end -1.65 0.57) (layer F.SilkS) (width 0.12))
    (fp_line (start 1.65 0.57) (end 0.65 0.57) (layer F.SilkS) (width 0.12))
    (fp_line (start 1.65 0.57) (end 1.65 0.28) (layer F.SilkS) (width 0.12))
    (fp_line (start -1.65 -1.93) (end -1.65 -2.22) (layer F.SilkS) (width 0.12))
    (fp_line (start -1.65 -2.22) (end 1.65 -2.22) (layer F.SilkS) (width 0.12))
    (fp_line (start 1.65 -2.22) (end 1.65 -1.93) (layer F.SilkS) (width 0.12))
    (fp_line (start -1.5 -2.08) (end 1.5 -2.08) (layer F.Fab) (width 0.1))
    (fp_line (start 1.5 -2.08) (end 1.5 0.43) (layer F.Fab) (width 0.1))
    (fp_line (start 1.5 0.43) (end -1.5 0.43) (layer F.Fab) (width 0.1))
    (fp_line (start -1.5 0.43) (end -1.5 -2.08) (layer F.Fab) (width 0.1))
    (fp_text user %R (at 0 -3.9) (layer F.Fab)
      (effects (font (size 1 1) (thickness 0.15)))
    )
    (pad 1 smd rect (at -1.7 -0.82) (size 0.9 1.7) (layers F.Cu F.Paste F.Mask)
      (net 12 "Net-(Q1-Pad1)"))
    (pad 2 smd rect (at 1.7 -0.82) (size 0.9 1.7) (layers F.Cu F.Paste F.Mask)
      (net 13 "Net-(Q1-Pad2)"))
    (pad "" np_thru_hole circle (at 0 -0.82) (size 0.8 0.8) (drill 0.8) (layers *.Cu *.Mask))
    (pad 3 smd rect (at 0 0.82) (size 0.8 1.1) (layers F.Cu F.Paste F.Mask)
      (net 1 GND))
    (model ${KISYS3DMOD}/Button_Switch_SMD.3dshapes/SW_SPST_B3U-3100P-B.wrl
      (at (xyz 0 0 0))
      (scale (xyz 1 1 1))
      (rotate (xyz 0 0 0))
    )
  )

  (module Button_Switch_SMD:SW_SPST_B3U-3100P-B (layer F.Cu) (tedit 5A02FC95) (tstamp 5F41C563)
    (at 121.45 54.4)
    (descr "Ultra-small-sized Tactile Switch with High Contact Reliability, Side-actuated Model, with Ground Terminal, with Boss")
    (tags "Tactile Switch")
    (path /5F3FB029)
    (attr smd)
    (fp_text reference Q2 (at 0 -3.9) (layer F.SilkS)
      (effects (font (size 1 1) (thickness 0.15)))
    )
    (fp_text value Q_NPN_BCE (at 0 2.67) (layer F.Fab)
      (effects (font (size 1 1) (thickness 0.15)))
    )
    (fp_line (start -1.5 0.43) (end -1.5 -2.08) (layer F.Fab) (width 0.1))
    (fp_line (start 1.5 0.43) (end -1.5 0.43) (layer F.Fab) (width 0.1))
    (fp_line (start 1.5 -2.08) (end 1.5 0.43) (layer F.Fab) (width 0.1))
    (fp_line (start -1.5 -2.08) (end 1.5 -2.08) (layer F.Fab) (width 0.1))
    (fp_line (start 1.65 -2.22) (end 1.65 -1.93) (layer F.SilkS) (width 0.12))
    (fp_line (start -1.65 -2.22) (end 1.65 -2.22) (layer F.SilkS) (width 0.12))
    (fp_line (start -1.65 -1.93) (end -1.65 -2.22) (layer F.SilkS) (width 0.12))
    (fp_line (start 1.65 0.57) (end 1.65 0.28) (layer F.SilkS) (width 0.12))
    (fp_line (start 1.65 0.57) (end 0.65 0.57) (layer F.SilkS) (width 0.12))
    (fp_line (start -1.65 0.28) (end -1.65 0.57) (layer F.SilkS) (width 0.12))
    (fp_line (start -2.4 -2.47) (end -2.4 0.82) (layer F.CrtYd) (width 0.05))
    (fp_line (start -1.25 -2.47) (end -2.4 -2.47) (layer F.CrtYd) (width 0.05))
    (fp_line (start 2.4 0.82) (end 2.4 -2.47) (layer F.CrtYd) (width 0.05))
    (fp_line (start -2.4 0.82) (end -0.65 0.82) (layer F.CrtYd) (width 0.05))
    (fp_line (start -1.65 0.57) (end -0.65 0.57) (layer F.SilkS) (width 0.12))
    (fp_line (start 0.65 0.82) (end 2.4 0.82) (layer F.CrtYd) (width 0.05))
    (fp_line (start 0.65 1.63) (end 0.65 0.82) (layer F.CrtYd) (width 0.05))
    (fp_line (start -0.65 1.63) (end 0.65 1.63) (layer F.CrtYd) (width 0.05))
    (fp_line (start -0.65 0.82) (end -0.65 1.63) (layer F.CrtYd) (width 0.05))
    (fp_line (start 0.85 -2.47) (end 0.85 -2.08) (layer F.Fab) (width 0.1))
    (fp_line (start 0.45 -2.77) (end 0.85 -2.47) (layer F.Fab) (width 0.1))
    (fp_line (start -0.45 -2.77) (end 0.45 -2.77) (layer F.Fab) (width 0.1))
    (fp_line (start -0.85 -2.47) (end -0.45 -2.77) (layer F.Fab) (width 0.1))
    (fp_line (start -0.85 -2.08) (end -0.85 -2.47) (layer F.Fab) (width 0.1))
    (fp_line (start 1 -2.54) (end 1 -2.22) (layer F.SilkS) (width 0.12))
    (fp_line (start 0.5 -2.92) (end 1 -2.54) (layer F.SilkS) (width 0.12))
    (fp_line (start -0.5 -2.92) (end 0.5 -2.92) (layer F.SilkS) (width 0.12))
    (fp_line (start -1 -2.54) (end -1 -2.22) (layer F.SilkS) (width 0.12))
    (fp_line (start -0.5 -2.92) (end -1 -2.54) (layer F.SilkS) (width 0.12))
    (fp_line (start 1.25 -2.47) (end 2.4 -2.47) (layer F.CrtYd) (width 0.05))
    (fp_line (start 1.25 -3.17) (end 1.25 -2.47) (layer F.CrtYd) (width 0.05))
    (fp_line (start -1.25 -3.17) (end 1.25 -3.17) (layer F.CrtYd) (width 0.05))
    (fp_line (start -1.25 -2.47) (end -1.25 -3.17) (layer F.CrtYd) (width 0.05))
    (fp_text user %R (at 0 -3.9) (layer F.Fab)
      (effects (font (size 1 1) (thickness 0.15)))
    )
    (pad 3 smd rect (at 0 0.82) (size 0.8 1.1) (layers F.Cu F.Paste F.Mask)
      (net 1 GND))
    (pad "" np_thru_hole circle (at 0 -0.82) (size 0.8 0.8) (drill 0.8) (layers *.Cu *.Mask))
    (pad 2 smd rect (at 1.7 -0.82) (size 0.9 1.7) (layers F.Cu F.Paste F.Mask)
      (net 14 "Net-(Q2-Pad2)"))
    (pad 1 smd rect (at -1.7 -0.82) (size 0.9 1.7) (layers F.Cu F.Paste F.Mask)
      (net 15 "Net-(Q2-Pad1)"))
    (model ${KISYS3DMOD}/Button_Switch_SMD.3dshapes/SW_SPST_B3U-3100P-B.wrl
      (at (xyz 0 0 0))
      (scale (xyz 1 1 1))
      (rotate (xyz 0 0 0))
    )
  )

  (module Button_Switch_SMD:SW_SPST_B3U-3100P-B (layer F.Cu) (tedit 5A02FC95) (tstamp 5F41C58D)
    (at 141.3 40.15)
    (descr "Ultra-small-sized Tactile Switch with High Contact Reliability, Side-actuated Model, with Ground Terminal, with Boss")
    (tags "Tactile Switch")
    (path /5F3FC90F)
    (attr smd)
    (fp_text reference Q3 (at 0 -3.9) (layer F.SilkS)
      (effects (font (size 1 1) (thickness 0.15)))
    )
    (fp_text value Q_NPN_BCE (at 0 2.67) (layer F.Fab)
      (effects (font (size 1 1) (thickness 0.15)))
    )
    (fp_line (start -1.25 -2.47) (end -1.25 -3.17) (layer F.CrtYd) (width 0.05))
    (fp_line (start -1.25 -3.17) (end 1.25 -3.17) (layer F.CrtYd) (width 0.05))
    (fp_line (start 1.25 -3.17) (end 1.25 -2.47) (layer F.CrtYd) (width 0.05))
    (fp_line (start 1.25 -2.47) (end 2.4 -2.47) (layer F.CrtYd) (width 0.05))
    (fp_line (start -0.5 -2.92) (end -1 -2.54) (layer F.SilkS) (width 0.12))
    (fp_line (start -1 -2.54) (end -1 -2.22) (layer F.SilkS) (width 0.12))
    (fp_line (start -0.5 -2.92) (end 0.5 -2.92) (layer F.SilkS) (width 0.12))
    (fp_line (start 0.5 -2.92) (end 1 -2.54) (layer F.SilkS) (width 0.12))
    (fp_line (start 1 -2.54) (end 1 -2.22) (layer F.SilkS) (width 0.12))
    (fp_line (start -0.85 -2.08) (end -0.85 -2.47) (layer F.Fab) (width 0.1))
    (fp_line (start -0.85 -2.47) (end -0.45 -2.77) (layer F.Fab) (width 0.1))
    (fp_line (start -0.45 -2.77) (end 0.45 -2.77) (layer F.Fab) (width 0.1))
    (fp_line (start 0.45 -2.77) (end 0.85 -2.47) (layer F.Fab) (width 0.1))
    (fp_line (start 0.85 -2.47) (end 0.85 -2.08) (layer F.Fab) (width 0.1))
    (fp_line (start -0.65 0.82) (end -0.65 1.63) (layer F.CrtYd) (width 0.05))
    (fp_line (start -0.65 1.63) (end 0.65 1.63) (layer F.CrtYd) (width 0.05))
    (fp_line (start 0.65 1.63) (end 0.65 0.82) (layer F.CrtYd) (width 0.05))
    (fp_line (start 0.65 0.82) (end 2.4 0.82) (layer F.CrtYd) (width 0.05))
    (fp_line (start -1.65 0.57) (end -0.65 0.57) (layer F.SilkS) (width 0.12))
    (fp_line (start -2.4 0.82) (end -0.65 0.82) (layer F.CrtYd) (width 0.05))
    (fp_line (start 2.4 0.82) (end 2.4 -2.47) (layer F.CrtYd) (width 0.05))
    (fp_line (start -1.25 -2.47) (end -2.4 -2.47) (layer F.CrtYd) (width 0.05))
    (fp_line (start -2.4 -2.47) (end -2.4 0.82) (layer F.CrtYd) (width 0.05))
    (fp_line (start -1.65 0.28) (end -1.65 0.57) (layer F.SilkS) (width 0.12))
    (fp_line (start 1.65 0.57) (end 0.65 0.57) (layer F.SilkS) (width 0.12))
    (fp_line (start 1.65 0.57) (end 1.65 0.28) (layer F.SilkS) (width 0.12))
    (fp_line (start -1.65 -1.93) (end -1.65 -2.22) (layer F.SilkS) (width 0.12))
    (fp_line (start -1.65 -2.22) (end 1.65 -2.22) (layer F.SilkS) (width 0.12))
    (fp_line (start 1.65 -2.22) (end 1.65 -1.93) (layer F.SilkS) (width 0.12))
    (fp_line (start -1.5 -2.08) (end 1.5 -2.08) (layer F.Fab) (width 0.1))
    (fp_line (start 1.5 -2.08) (end 1.5 0.43) (layer F.Fab) (width 0.1))
    (fp_line (start 1.5 0.43) (end -1.5 0.43) (layer F.Fab) (width 0.1))
    (fp_line (start -1.5 0.43) (end -1.5 -2.08) (layer F.Fab) (width 0.1))
    (fp_text user %R (at 0 -3.9) (layer F.Fab)
      (effects (font (size 1 1) (thickness 0.15)))
    )
    (pad 1 smd rect (at -1.7 -0.82) (size 0.9 1.7) (layers F.Cu F.Paste F.Mask)
      (net 16 "Net-(Q3-Pad1)"))
    (pad 2 smd rect (at 1.7 -0.82) (size 0.9 1.7) (layers F.Cu F.Paste F.Mask)
      (net 17 "Net-(Q3-Pad2)"))
    (pad "" np_thru_hole circle (at 0 -0.82) (size 0.8 0.8) (drill 0.8) (layers *.Cu *.Mask))
    (pad 3 smd rect (at 0 0.82) (size 0.8 1.1) (layers F.Cu F.Paste F.Mask)
      (net 1 GND))
    (model ${KISYS3DMOD}/Button_Switch_SMD.3dshapes/SW_SPST_B3U-3100P-B.wrl
      (at (xyz 0 0 0))
      (scale (xyz 1 1 1))
      (rotate (xyz 0 0 0))
    )
  )

  (module Button_Switch_SMD:SW_SPST_B3U-3100P-B (layer F.Cu) (tedit 5A02FC95) (tstamp 5F41C5B7)
    (at 140.9 54.275)
    (descr "Ultra-small-sized Tactile Switch with High Contact Reliability, Side-actuated Model, with Ground Terminal, with Boss")
    (tags "Tactile Switch")
    (path /5F40EBE3)
    (attr smd)
    (fp_text reference Q4 (at 0 -3.9) (layer F.SilkS)
      (effects (font (size 1 1) (thickness 0.15)))
    )
    (fp_text value Q_NPN_BCE (at 0 2.67) (layer F.Fab)
      (effects (font (size 1 1) (thickness 0.15)))
    )
    (fp_line (start -1.5 0.43) (end -1.5 -2.08) (layer F.Fab) (width 0.1))
    (fp_line (start 1.5 0.43) (end -1.5 0.43) (layer F.Fab) (width 0.1))
    (fp_line (start 1.5 -2.08) (end 1.5 0.43) (layer F.Fab) (width 0.1))
    (fp_line (start -1.5 -2.08) (end 1.5 -2.08) (layer F.Fab) (width 0.1))
    (fp_line (start 1.65 -2.22) (end 1.65 -1.93) (layer F.SilkS) (width 0.12))
    (fp_line (start -1.65 -2.22) (end 1.65 -2.22) (layer F.SilkS) (width 0.12))
    (fp_line (start -1.65 -1.93) (end -1.65 -2.22) (layer F.SilkS) (width 0.12))
    (fp_line (start 1.65 0.57) (end 1.65 0.28) (layer F.SilkS) (width 0.12))
    (fp_line (start 1.65 0.57) (end 0.65 0.57) (layer F.SilkS) (width 0.12))
    (fp_line (start -1.65 0.28) (end -1.65 0.57) (layer F.SilkS) (width 0.12))
    (fp_line (start -2.4 -2.47) (end -2.4 0.82) (layer F.CrtYd) (width 0.05))
    (fp_line (start -1.25 -2.47) (end -2.4 -2.47) (layer F.CrtYd) (width 0.05))
    (fp_line (start 2.4 0.82) (end 2.4 -2.47) (layer F.CrtYd) (width 0.05))
    (fp_line (start -2.4 0.82) (end -0.65 0.82) (layer F.CrtYd) (width 0.05))
    (fp_line (start -1.65 0.57) (end -0.65 0.57) (layer F.SilkS) (width 0.12))
    (fp_line (start 0.65 0.82) (end 2.4 0.82) (layer F.CrtYd) (width 0.05))
    (fp_line (start 0.65 1.63) (end 0.65 0.82) (layer F.CrtYd) (width 0.05))
    (fp_line (start -0.65 1.63) (end 0.65 1.63) (layer F.CrtYd) (width 0.05))
    (fp_line (start -0.65 0.82) (end -0.65 1.63) (layer F.CrtYd) (width 0.05))
    (fp_line (start 0.85 -2.47) (end 0.85 -2.08) (layer F.Fab) (width 0.1))
    (fp_line (start 0.45 -2.77) (end 0.85 -2.47) (layer F.Fab) (width 0.1))
    (fp_line (start -0.45 -2.77) (end 0.45 -2.77) (layer F.Fab) (width 0.1))
    (fp_line (start -0.85 -2.47) (end -0.45 -2.77) (layer F.Fab) (width 0.1))
    (fp_line (start -0.85 -2.08) (end -0.85 -2.47) (layer F.Fab) (width 0.1))
    (fp_line (start 1 -2.54) (end 1 -2.22) (layer F.SilkS) (width 0.12))
    (fp_line (start 0.5 -2.92) (end 1 -2.54) (layer F.SilkS) (width 0.12))
    (fp_line (start -0.5 -2.92) (end 0.5 -2.92) (layer F.SilkS) (width 0.12))
    (fp_line (start -1 -2.54) (end -1 -2.22) (layer F.SilkS) (width 0.12))
    (fp_line (start -0.5 -2.92) (end -1 -2.54) (layer F.SilkS) (width 0.12))
    (fp_line (start 1.25 -2.47) (end 2.4 -2.47) (layer F.CrtYd) (width 0.05))
    (fp_line (start 1.25 -3.17) (end 1.25 -2.47) (layer F.CrtYd) (width 0.05))
    (fp_line (start -1.25 -3.17) (end 1.25 -3.17) (layer F.CrtYd) (width 0.05))
    (fp_line (start -1.25 -2.47) (end -1.25 -3.17) (layer F.CrtYd) (width 0.05))
    (fp_text user %R (at 0 -3.9) (layer F.Fab)
      (effects (font (size 1 1) (thickness 0.15)))
    )
    (pad 3 smd rect (at 0 0.82) (size 0.8 1.1) (layers F.Cu F.Paste F.Mask)
      (net 1 GND))
    (pad "" np_thru_hole circle (at 0 -0.82) (size 0.8 0.8) (drill 0.8) (layers *.Cu *.Mask))
    (pad 2 smd rect (at 1.7 -0.82) (size 0.9 1.7) (layers F.Cu F.Paste F.Mask)
      (net 18 "Net-(Q4-Pad2)"))
    (pad 1 smd rect (at -1.7 -0.82) (size 0.9 1.7) (layers F.Cu F.Paste F.Mask)
      (net 19 "Net-(Q4-Pad1)"))
    (model ${KISYS3DMOD}/Button_Switch_SMD.3dshapes/SW_SPST_B3U-3100P-B.wrl
      (at (xyz 0 0 0))
      (scale (xyz 1 1 1))
      (rotate (xyz 0 0 0))
    )
  )

  (module Button_Switch_SMD:SW_SPST_B3U-3100P-B (layer F.Cu) (tedit 5A02FC95) (tstamp 5F41C5E1)
    (at 159.575 47.35)
    (descr "Ultra-small-sized Tactile Switch with High Contact Reliability, Side-actuated Model, with Ground Terminal, with Boss")
    (tags "Tactile Switch")
    (path /5F411B9A)
    (attr smd)
    (fp_text reference Q5 (at 0 -3.9) (layer F.SilkS)
      (effects (font (size 1 1) (thickness 0.15)))
    )
    (fp_text value Q_NPN_BCE (at 0 2.67) (layer F.Fab)
      (effects (font (size 1 1) (thickness 0.15)))
    )
    (fp_line (start -1.25 -2.47) (end -1.25 -3.17) (layer F.CrtYd) (width 0.05))
    (fp_line (start -1.25 -3.17) (end 1.25 -3.17) (layer F.CrtYd) (width 0.05))
    (fp_line (start 1.25 -3.17) (end 1.25 -2.47) (layer F.CrtYd) (width 0.05))
    (fp_line (start 1.25 -2.47) (end 2.4 -2.47) (layer F.CrtYd) (width 0.05))
    (fp_line (start -0.5 -2.92) (end -1 -2.54) (layer F.SilkS) (width 0.12))
    (fp_line (start -1 -2.54) (end -1 -2.22) (layer F.SilkS) (width 0.12))
    (fp_line (start -0.5 -2.92) (end 0.5 -2.92) (layer F.SilkS) (width 0.12))
    (fp_line (start 0.5 -2.92) (end 1 -2.54) (layer F.SilkS) (width 0.12))
    (fp_line (start 1 -2.54) (end 1 -2.22) (layer F.SilkS) (width 0.12))
    (fp_line (start -0.85 -2.08) (end -0.85 -2.47) (layer F.Fab) (width 0.1))
    (fp_line (start -0.85 -2.47) (end -0.45 -2.77) (layer F.Fab) (width 0.1))
    (fp_line (start -0.45 -2.77) (end 0.45 -2.77) (layer F.Fab) (width 0.1))
    (fp_line (start 0.45 -2.77) (end 0.85 -2.47) (layer F.Fab) (width 0.1))
    (fp_line (start 0.85 -2.47) (end 0.85 -2.08) (layer F.Fab) (width 0.1))
    (fp_line (start -0.65 0.82) (end -0.65 1.63) (layer F.CrtYd) (width 0.05))
    (fp_line (start -0.65 1.63) (end 0.65 1.63) (layer F.CrtYd) (width 0.05))
    (fp_line (start 0.65 1.63) (end 0.65 0.82) (layer F.CrtYd) (width 0.05))
    (fp_line (start 0.65 0.82) (end 2.4 0.82) (layer F.CrtYd) (width 0.05))
    (fp_line (start -1.65 0.57) (end -0.65 0.57) (layer F.SilkS) (width 0.12))
    (fp_line (start -2.4 0.82) (end -0.65 0.82) (layer F.CrtYd) (width 0.05))
    (fp_line (start 2.4 0.82) (end 2.4 -2.47) (layer F.CrtYd) (width 0.05))
    (fp_line (start -1.25 -2.47) (end -2.4 -2.47) (layer F.CrtYd) (width 0.05))
    (fp_line (start -2.4 -2.47) (end -2.4 0.82) (layer F.CrtYd) (width 0.05))
    (fp_line (start -1.65 0.28) (end -1.65 0.57) (layer F.SilkS) (width 0.12))
    (fp_line (start 1.65 0.57) (end 0.65 0.57) (layer F.SilkS) (width 0.12))
    (fp_line (start 1.65 0.57) (end 1.65 0.28) (layer F.SilkS) (width 0.12))
    (fp_line (start -1.65 -1.93) (end -1.65 -2.22) (layer F.SilkS) (width 0.12))
    (fp_line (start -1.65 -2.22) (end 1.65 -2.22) (layer F.SilkS) (width 0.12))
    (fp_line (start 1.65 -2.22) (end 1.65 -1.93) (layer F.SilkS) (width 0.12))
    (fp_line (start -1.5 -2.08) (end 1.5 -2.08) (layer F.Fab) (width 0.1))
    (fp_line (start 1.5 -2.08) (end 1.5 0.43) (layer F.Fab) (width 0.1))
    (fp_line (start 1.5 0.43) (end -1.5 0.43) (layer F.Fab) (width 0.1))
    (fp_line (start -1.5 0.43) (end -1.5 -2.08) (layer F.Fab) (width 0.1))
    (fp_text user %R (at 0 -3.9) (layer F.Fab)
      (effects (font (size 1 1) (thickness 0.15)))
    )
    (pad 1 smd rect (at -1.7 -0.82) (size 0.9 1.7) (layers F.Cu F.Paste F.Mask)
      (net 20 "Net-(Q5-Pad1)"))
    (pad 2 smd rect (at 1.7 -0.82) (size 0.9 1.7) (layers F.Cu F.Paste F.Mask)
      (net 21 /PULL_HIGH))
    (pad "" np_thru_hole circle (at 0 -0.82) (size 0.8 0.8) (drill 0.8) (layers *.Cu *.Mask))
    (pad 3 smd rect (at 0 0.82) (size 0.8 1.1) (layers F.Cu F.Paste F.Mask)
      (net 1 GND))
    (model ${KISYS3DMOD}/Button_Switch_SMD.3dshapes/SW_SPST_B3U-3100P-B.wrl
      (at (xyz 0 0 0))
      (scale (xyz 1 1 1))
      (rotate (xyz 0 0 0))
    )
  )

  (module Resistor_SMD:R_2816_7142Metric (layer F.Cu) (tedit 5B341556) (tstamp 5F41C5F2)
    (at 94.6125 46.55)
    (descr "Resistor SMD 2816 (7142 Metric), square (rectangular) end terminal, IPC_7351 nominal, (Body size from: https://www.vishay.com/docs/30100/wsl.pdf), generated with kicad-footprint-generator")
    (tags resistor)
    (path /5F3F4386)
    (attr smd)
    (fp_text reference R1 (at 0 -3.18) (layer F.SilkS)
      (effects (font (size 1 1) (thickness 0.15)))
    )
    (fp_text value 10k (at 0 3.18) (layer F.Fab)
      (effects (font (size 1 1) (thickness 0.15)))
    )
    (fp_line (start -3.55 2.1) (end -3.55 -2.1) (layer F.Fab) (width 0.1))
    (fp_line (start -3.55 -2.1) (end 3.55 -2.1) (layer F.Fab) (width 0.1))
    (fp_line (start 3.55 -2.1) (end 3.55 2.1) (layer F.Fab) (width 0.1))
    (fp_line (start 3.55 2.1) (end -3.55 2.1) (layer F.Fab) (width 0.1))
